<?xml version="1.0"?>
<opencv_storage>
<calibration_Time>"Mon 22 Feb 2016 01:16:18 UTC"</calibration_Time>
<nrOfFrames>20</nrOfFrames>
<image_Width>640</image_Width>
<image_Height>480</image_Height>
<board_Width>9</board_Width>
<board_Height>6</board_Height>
<square_Size>31.</square_Size>
<FixAspectRatio>1.</FixAspectRatio>
<!-- flags:  +fix_aspectRatio +fix_principal_point +zero_tangent_dist -->
<flagValue>14</flagValue>
<Camera_Matrix type_id="opencv-matrix">
  <rows>3</rows>
  <cols>3</cols>
  <dt>d</dt>
  <data>
    3.1673564934345251e+02 0. 3.1950000000000000e+02 0.
    3.1673564934345251e+02 2.3950000000000000e+02 0. 0. 1.</data></Camera_Matrix>
<Distortion_Coefficients type_id="opencv-matrix">
  <rows>5</rows>
  <cols>1</cols>
  <dt>d</dt>
  <data>
    -4.7081682306011902e-01 4.5311539547559521e-01 0. 0.
    -2.6905526710978239e-01</data></Distortion_Coefficients>
<Avg_Reprojection_Error>1.4273454444546534e+00</Avg_Reprojection_Error>
<Per_View_Reprojection_Errors type_id="opencv-matrix">
  <rows>20</rows>
  <cols>1</cols>
  <dt>f</dt>
  <data>
    1.26904690e+00 1.29483712e+00 1.23761404e+00 1.18598855e+00
    1.20592511e+00 1.16623795e+00 1.14183915e+00 1.15938127e+00
    1.15318155e+00 1.52768636e+00 1.65648305e+00 1.66073000e+00
    1.56259286e+00 1.58626270e+00 1.58891296e+00 1.57969880e+00
    1.57031727e+00 1.57480466e+00 1.56471610e+00 1.58768916e+00</data></Per_View_Reprojection_Errors>
<!-- a set of 6-tuples (rotation vector + translation vector) for each view -->
<Extrinsic_Parameters type_id="opencv-matrix">
  <rows>20</rows>
  <cols>6</cols>
  <dt>d</dt>
  <data>
    -8.2625494471516001e-02 -2.1040380473962866e-01
    -1.3088576881547331e-02 -1.0621169872584518e+02
    -4.7899989353319825e+01 2.3502599851393737e+02
    -7.3742856078715460e-02 -2.0492073331816565e-01
    -1.5619448933421192e-02 -1.0796878279883781e+02
    -4.8104153948213387e+01 2.3393799559508682e+02
    -7.7877238438022592e-02 -2.0998288433735651e-01
    -2.5912185440666629e-02 -1.1408255709561581e+02
    -5.0025285148809083e+01 2.4159806863817460e+02
    -8.6787274874235765e-02 -2.1728132454923046e-01
    -2.5786129058954031e-02 -1.1749499639695071e+02
    -4.9242736025197615e+01 2.4304168314371918e+02
    -8.9024956382586257e-02 -2.1940346856318949e-01
    -2.1601718456262541e-02 -1.1567833098194522e+02
    -4.7965022412374509e+01 2.4462837320041046e+02
    -8.8196739587523942e-02 -2.2494278030808337e-01
    -6.8714802342724106e-03 -1.1416637181421537e+02
    -4.6725585176072705e+01 2.4559987318640208e+02
    -8.6800705927351535e-02 -2.1682397479388565e-01
    -1.9200216537476205e-02 -1.1645916610342327e+02
    -4.8097690895561477e+01 2.4573770997356908e+02
    -8.7945150012308113e-02 -2.1810581081457819e-01
    -1.5787695782337317e-02 -1.1706864239704481e+02
    -4.7908989276199570e+01 2.4567091225012348e+02
    -8.6957824810365264e-02 -2.1930008649230456e-01
    -1.8412324786032899e-02 -1.1730801543825422e+02
    -4.7180289892897363e+01 2.4629825339406651e+02
    -1.3110838430509147e-01 -2.4602785499771376e-01
    -5.4590971482934077e-02 -1.3351647383433709e+02
    -6.0077562803653770e+01 2.0831744107064782e+02
    -9.4496991528532262e-02 -2.4148231272006743e-01
    -7.7835203175988882e-02 -1.3651299706420110e+02
    -6.1388755631301478e+01 1.9648647962973655e+02
    -9.9811332307686490e-02 -2.4657824100939313e-01
    -9.1294624110007369e-02 -1.3333311645108091e+02
    -6.2408057883091729e+01 1.9757719477496155e+02
    -1.0626383706707486e-01 -2.5710110260453056e-01
    -1.0286939555884368e-01 -1.3500836954993045e+02
    -6.3780361291852884e+01 2.0274870074607696e+02
    -9.9722369949229173e-02 -2.5881277225548527e-01
    -1.0354845731674024e-01 -1.3451167657411432e+02
    -6.3624197344214501e+01 2.0196086904651972e+02
    -9.4976400300828615e-02 -2.5596448697933044e-01
    -9.9898024150526371e-02 -1.3270599115005658e+02
    -6.2993895671659367e+01 2.0128691125836144e+02
    -8.9217888259857103e-02 -2.5657162286793878e-01
    -1.0152391548016730e-01 -1.3221077632537614e+02
    -6.2355282418998549e+01 2.0100436964296733e+02
    -8.5332677005545990e-02 -2.5821142731476449e-01
    -9.9996635005011866e-02 -1.3174874421056947e+02
    -6.1682020931339110e+01 2.0023332570354864e+02
    -8.2284713176181801e-02 -2.6214655790941838e-01
    -9.7015373900485258e-02 -1.3008411281401069e+02
    -6.0321056463707997e+01 1.9916644692151380e+02
    -8.1395526834524515e-02 -2.5973782534831991e-01
    -8.8326151202462913e-02 -1.2789157201361817e+02
    -5.8623906236865118e+01 1.9851830121394528e+02
    -7.9466032525727245e-02 -2.5749364694033583e-01
    -8.7005522486216236e-02 -1.2704219896320936e+02
    -5.7850487308770070e+01 1.9714136516658419e+02</data></Extrinsic_Parameters>
