<?xml version="1.0"?>
<opencv_storage>
<calibration_Time>"Sun 21 Feb 2016 18:04:49 UTC"</calibration_Time>
<nrOfFrames>20</nrOfFrames>
<image_Width>640</image_Width>
<image_Height>480</image_Height>
<board_Width>9</board_Width>
<board_Height>6</board_Height>
<square_Size>31.</square_Size>
<FixAspectRatio>1.</FixAspectRatio>
<!-- flags:  +fix_aspectRatio +fix_principal_point +zero_tangent_dist -->
<flagValue>14</flagValue>
<Camera_Matrix type_id="opencv-matrix">
  <rows>3</rows>
  <cols>3</cols>
  <dt>d</dt>
  <data>
    3.0536803560374517e+02 0. 3.1950000000000000e+02 0.
    3.0536803560374517e+02 2.3950000000000000e+02 0. 0. 1.</data></Camera_Matrix>
<Distortion_Coefficients type_id="opencv-matrix">
  <rows>5</rows>
  <cols>1</cols>
  <dt>d</dt>
  <data>
    -3.1139559031807340e-01 8.7512793949182197e-02 0. 0.
    -4.7615273003388395e-03</data></Distortion_Coefficients>
<Avg_Reprojection_Error>1.7362099405815512e+00</Avg_Reprojection_Error>
<Per_View_Reprojection_Errors type_id="opencv-matrix">
  <rows>20</rows>
  <cols>1</cols>
  <dt>f</dt>
  <data>
    1.57215238e+00 1.00175357e+00 1.22695863e+00 9.76669848e-01
    6.22233212e-01 8.57833803e-01 2.27261949e+00 3.37541223e+00
    1.43575227e+00 1.79132688e+00 9.91806209e-01 1.74459398e+00
    1.86206126e+00 2.30871224e+00 2.51251817e+00 2.07180810e+00
    1.71559942e+00 1.45826221e+00 1.50660872e+00 7.95606554e-01</data></Per_View_Reprojection_Errors>
<!-- a set of 6-tuples (rotation vector + translation vector) for each view -->
<Extrinsic_Parameters type_id="opencv-matrix">
  <rows>20</rows>
  <cols>6</cols>
  <dt>d</dt>
  <data>
    -1.8288104626389586e-02 -2.9323743038939781e-01
    1.9297347679372179e-02 -2.5416024538618689e+02
    -3.7459907303503918e+01 2.8063830677432458e+02
    -1.7588226353377939e-01 -2.7821295373681731e-01
    -9.8654052505894888e-02 -2.0616504070848902e+02
    -1.6770453961492169e+02 3.3246791454773768e+02
    -1.5401615418126602e-01 -3.2921532938909481e-01
    -1.1303664871729220e-02 -9.5136215198433021e+01
    -1.1464395839031464e+02 3.2280227670772030e+02
    -4.1737304322079831e-02 -3.1104839342609636e-01
    1.1184066688329916e-01 -2.9876558483449163e+01
    -2.2905177443490889e+01 3.3280926429912500e+02
    -3.2513516470076453e-01 -1.8294633386721726e-01
    7.0691194601892424e-02 -1.3909816788178884e+02
    1.2209459207746875e+02 3.8287856266318983e+02
    -2.8464446892701223e-01 -1.9674647635121983e-01
    1.1930126233278066e-01 -1.4586181981398610e+01
    9.9707046411142457e+01 3.5540225541422905e+02
    -1.9571750869471616e-01 -2.6229222577921885e-01
    1.0186407095769780e-01 3.2543993192135332e+01 2.1694750083538274e+01
    3.2292493599937654e+02 -1.8223636384902264e-01
    -2.9237020146868303e-01 -1.4689832877941718e-03
    4.1319485869577797e+01 -1.0436912348750064e+02
    3.2271901489823739e+02 -1.6833559844384599e-01
    -2.2185906032444827e-01 -4.0871706391380484e-02
    -5.4096721660186631e+01 -1.3141823000161216e+02
    3.1201967312646929e+02 -2.3278753224270193e-01
    -2.2930763235393598e-01 -1.1189203922554490e-01
    -6.9218697786265736e+01 -1.8329042758667231e+02
    3.0393802798872736e+02 9.1402852418664832e-03
    -1.1825099838279987e-01 3.2614139354677482e-02
    -1.3615769223590121e+02 -8.9853760881049467e+01
    3.1432875758508993e+02 -1.6921548114764709e-01
    -1.4106411137129582e-01 -6.0398211037421354e-03
    -1.2785613241300844e+02 -3.6487558471873228e+01
    2.1361522359444484e+02 -1.9811284119939676e-01
    -1.4634832776008641e-01 -5.4060783344931453e-02
    -1.4102766438060607e+02 -8.0412153346019977e+01
    2.3202472018447673e+02 -1.6425261271155692e-01
    -1.5383063113873349e-01 1.2931977498153177e-02
    -9.5993110890900041e+01 -2.3707216276704408e+01
    2.0158736607458789e+02 -1.7781939351028264e-01
    -1.8274971058012149e-01 -3.3212053880827118e-02
    -7.3446724994362711e+01 -7.8523332915262444e+01
    2.1137150759446558e+02 -1.8225302343035954e-01
    -1.3926409226649683e-01 -1.1812759518455598e-01
    -1.9448971055202395e+02 -1.0074174368600335e+02
    2.2284942350722693e+02 -1.1569972961190224e-01
    -1.3329360072277391e-01 -4.4923759429766619e-02
    -2.1258075482496474e+02 -3.7666671925150929e+01
    2.2815630316845332e+02 -2.8866470345058226e-01
    -1.5819322983418566e-01 -3.6589528733578416e-02
    -1.5966040218965378e+02 -1.2095319031997276e+01
    2.2365668997839200e+02 -2.4702386244687299e-01
    -7.8848145534384809e-02 -9.7175907567535358e-02
    -2.0174068738818207e+02 -1.1514552580163952e+02
    2.8322356674751592e+02 -1.7655574313787839e-01
    -9.9637071689732487e-02 -7.6894378029613339e-02
    -2.3813115435893212e+02 -5.7085839246825898e+01
    3.7055096975234210e+02</data></Extrinsic_Parameters>
