<?xml version="1.0"?>
<opencv_storage>
<calibration_Time>"Tue 16 Feb 2016 02:12:27 UTC"</calibration_Time>
<nrOfFrames>13</nrOfFrames>
<image_Width>640</image_Width>
<image_Height>480</image_Height>
<board_Width>9</board_Width>
<board_Height>6</board_Height>
<square_Size>31.</square_Size>
<FixAspectRatio>1.</FixAspectRatio>
<!-- flags:  +fix_aspectRatio +fix_principal_point +zero_tangent_dist -->
<flagValue>14</flagValue>
<Camera_Matrix type_id="opencv-matrix">
  <rows>3</rows>
  <cols>3</cols>
  <dt>d</dt>
  <data>
    3.5483645391938813e+02 0. 3.1950000000000000e+02 0.
    3.5483645391938813e+02 2.3950000000000000e+02 0. 0. 1.</data></Camera_Matrix>
<Distortion_Coefficients type_id="opencv-matrix">
  <rows>5</rows>
  <cols>1</cols>
  <dt>d</dt>
  <data>
    -3.4813772985228003e-01 1.4449189401670548e-01 0. 0.
    -1.6138933056393863e-02</data></Distortion_Coefficients>
<Avg_Reprojection_Error>1.3333171762329070e+00</Avg_Reprojection_Error>
<Per_View_Reprojection_Errors type_id="opencv-matrix">
  <rows>13</rows>
  <cols>1</cols>
  <dt>f</dt>
  <data>
    1.33787739e+00 1.62725592e+00 1.57963729e+00 1.57799625e+00
    1.55219495e+00 1.17358530e+00 1.16665924e+00 1.83344114e+00
    1.10124552e+00 6.44649208e-01 7.41764903e-01 1.06703579e+00
    1.36419964e+00</data></Per_View_Reprojection_Errors>
<!-- a set of 6-tuples (rotation vector + translation vector) for each view -->
<Extrinsic_Parameters type_id="opencv-matrix">
  <rows>13</rows>
  <cols>6</cols>
  <dt>d</dt>
  <data>
    3.7556640607586414e-02 -1.2552960156710147e-01
    1.9096051198281394e-02 -1.8978542214440066e+02
    -1.7478980459164146e+02 3.3309593455128322e+02
    -6.0060616539264991e-02 -2.7210554857413149e-01
    8.2433070644744066e-01 -1.2262574568464647e+02
    -2.1017696292604080e+02 3.2923142614729807e+02
    3.7991015111675380e-01 -7.0598911613377474e-03
    -7.1783054784339895e-01 -2.5604471252455386e+02
    -1.8188790629853990e+01 3.2588806051785627e+02
    -4.1264065928584309e-02 1.3397587924938342e-01
    -1.8659448073246036e-02 3.0106006996004613e+01
    -1.3012454397305962e+02 4.1491708008587500e+02
    -2.2359570213544264e-02 -4.3159069437795411e-01
    7.6466082921289882e-02 -1.7721285701866213e+02
    -1.5918714132408604e+02 2.7466361303956046e+02
    -5.8236792337002086e-01 -4.0002967121241861e-01
    1.5353935537809831e-02 -2.1425380966480324e+02
    -8.9326939649279439e+01 2.9369564901376469e+02
    -6.2214088239827192e-01 4.0171842440380878e-01
    3.0468737972124734e-02 1.2552241433293672e+01
    -8.5429210307065759e+01 4.6143033283330521e+02
    1.0489459035467730e-01 3.5730915369934874e-01
    -1.5227492307353538e-01 -1.9299235056365422e+01
    -1.1609508942844487e+02 4.4507492553606460e+02
    1.3072989454974041e-01 -4.2487308165581578e-02
    -9.1402218287440530e-03 -1.2595030632271914e+02
    -1.1773821467646961e+02 3.5791516978965768e+02
    -2.0706527829467936e-01 1.4981379418544161e-01
    1.7262462908472401e-01 -1.1738398239627747e+02
    -1.5261503816497537e+02 4.1663805399919886e+02
    -5.8509758056156469e-01 2.6707505343376575e-01
    1.6935205941021353e-01 -1.2972336862099169e+02
    -1.4364891876218238e+02 4.2797494910906244e+02
    2.5136569184118734e-01 2.0856707469244581e-01 1.0301170957095308e-01
    -1.4716345122265651e+02 -1.5828314178956936e+02
    3.7242146170323309e+02 7.2011439641151614e-02 4.9669401888341708e-02
    7.7346624072930595e-02 -1.5094996563318085e+02
    -2.2388683037047994e+02 3.5117527139082466e+02</data></Extrinsic_Parameters>
<Image_points type_id="opencv-matrix">
  <rows>13</rows>
  <cols>54</cols>
  <dt>"2f"</dt>
  <data>
    1.47593735e+02 8.55441208e+01 1.73041824e+02 8.27444000e+01
    1.99595871e+02 8.11124039e+01 2.27651550e+02 7.95876923e+01
    2.56357727e+02 7.93538818e+01 2.85303284e+02 7.95127792e+01
    3.14735077e+02 8.14023438e+01 3.43466919e+02 8.38061752e+01
    3.71533264e+02 8.69979782e+01 1.44502914e+02 1.09908501e+02
    1.70201859e+02 1.07699226e+02 1.97323029e+02 1.06307716e+02
    2.25735336e+02 1.05454346e+02 2.54916855e+02 1.05343521e+02
    2.84607330e+02 1.05587822e+02 3.14425232e+02 1.07200554e+02
    3.43540070e+02 1.09656425e+02 3.71902161e+02 1.12449829e+02
    1.41688431e+02 1.35684158e+02 1.67846802e+02 1.34225189e+02
    1.95294830e+02 1.33151459e+02 2.23968674e+02 1.32582321e+02
    2.53528656e+02 1.32486191e+02 2.83617371e+02 1.33313873e+02
    3.13861969e+02 1.34534195e+02 3.43226868e+02 1.36530289e+02
    3.72003143e+02 1.39244186e+02 1.39922623e+02 1.62791977e+02
    1.66057251e+02 1.61555130e+02 1.94130432e+02 1.61149811e+02
    2.22755203e+02 1.61021439e+02 2.52511780e+02 1.61329514e+02
    2.83109070e+02 1.62041229e+02 3.13003143e+02 1.63441940e+02
    3.42664673e+02 1.65040436e+02 3.71734222e+02 1.67403442e+02
    1.38602036e+02 1.90532333e+02 1.64777573e+02 1.90090012e+02
    1.92642090e+02 1.89637299e+02 2.21647583e+02 1.89885254e+02
    2.51406174e+02 1.90395325e+02 2.81430878e+02 1.91589920e+02
    3.12229065e+02 1.92639175e+02 3.41948547e+02 1.94323624e+02
    3.70828003e+02 1.96174789e+02 1.37763290e+02 2.18653870e+02
    1.64396896e+02 2.18532867e+02 1.91951782e+02 2.18817871e+02
    2.20854767e+02 2.19542511e+02 2.50578003e+02 2.20030548e+02
    2.80941498e+02 2.20960724e+02 3.11322052e+02 2.22248184e+02
    3.40510895e+02 2.23367371e+02 3.69656555e+02 2.25173630e+02
    2.06429321e+02 4.87413139e+01 2.23823929e+02 6.60257645e+01
    2.42308456e+02 8.47195282e+01 2.61458435e+02 1.04824989e+02
    2.80796448e+02 1.26279221e+02 3.00417175e+02 1.48230164e+02
    3.19405884e+02 1.70672043e+02 3.37851959e+02 1.92855637e+02
    3.55279022e+02 2.14649338e+02 1.83328491e+02 6.47679825e+01
    2.00748032e+02 8.25345383e+01 2.19323563e+02 1.01942604e+02
    2.38236694e+02 1.22564400e+02 2.57949921e+02 1.44340149e+02
    2.78051941e+02 1.66485992e+02 2.97380737e+02 1.88968643e+02
    3.16020081e+02 2.11459686e+02 3.34397247e+02 2.33350571e+02
    1.60410355e+02 8.23869324e+01 1.77478882e+02 1.00626175e+02
    1.95927414e+02 1.20310196e+02 2.14792603e+02 1.40958694e+02
    2.34720337e+02 1.63265533e+02 2.54519608e+02 1.85541779e+02
    2.74672302e+02 2.08119583e+02 2.94318176e+02 2.30593430e+02
    3.13291595e+02 2.52312836e+02 1.37514160e+02 1.00860504e+02
    1.54368637e+02 1.19712990e+02 1.72356552e+02 1.39723145e+02
    1.91726425e+02 1.61072159e+02 2.11449982e+02 1.83028778e+02
    2.31713318e+02 2.05492828e+02 2.52215149e+02 2.28255127e+02
    2.72024994e+02 2.50673141e+02 2.91504883e+02 2.71976440e+02
    1.15385902e+02 1.20540863e+02 1.32008545e+02 1.39673126e+02
    1.49655380e+02 1.59972748e+02 1.68561829e+02 1.81456665e+02
    1.88274750e+02 2.03391617e+02 2.08785812e+02 2.25707947e+02
    2.29113327e+02 2.47969971e+02 2.49611847e+02 2.70064087e+02
    2.68933990e+02 2.91466797e+02 9.41822815e+01 1.40739029e+02
    1.10273415e+02 1.60153137e+02 1.27579094e+02 1.80608521e+02
    1.46183258e+02 2.01857544e+02 1.65677032e+02 2.23966553e+02
    1.85919922e+02 2.46295227e+02 2.06481033e+02 2.68278046e+02
    2.27151291e+02 2.89425903e+02 2.46837479e+02 3.10267975e+02
    8.59920959e+01 2.22744919e+02 1.00594299e+02 2.03720413e+02
    1.16730400e+02 1.83610901e+02 1.34681839e+02 1.62788849e+02
    1.53781311e+02 1.41215286e+02 1.74631760e+02 1.19156494e+02
    1.97202606e+02 9.73941193e+01 2.20495438e+02 7.59589920e+01
    2.44715698e+02 5.57860184e+01 1.03450218e+02 2.41521622e+02
    1.19032608e+02 2.23066650e+02 1.36291473e+02 2.03461563e+02
    1.54396606e+02 1.82625671e+02 1.74488876e+02 1.61466827e+02
    1.95598358e+02 1.40174652e+02 2.18499496e+02 1.18182831e+02
    2.42054459e+02 9.67049789e+01 2.66366333e+02 7.63489761e+01
    1.22614906e+02 2.60681030e+02 1.38426559e+02 2.42740295e+02
    1.56202698e+02 2.23605820e+02 1.75137665e+02 2.03559189e+02
    1.95502670e+02 1.82650330e+02 2.16979065e+02 1.61759705e+02
    2.40182175e+02 1.40296219e+02 2.64077881e+02 1.19066689e+02
    2.88541626e+02 9.82731934e+01 1.42045685e+02 2.79902740e+02
